255 255 201
255 255 199
255 255 198
255 255 196
255 255 195
255 255 193
255 255 192
255 255 190
255 255 189
255 255 187
255 255 186
255 255 184
255 255 183
255 255 181
255 255 180
255 255 178
255 255 177
255 255 175
255 255 174
255 255 172
255 255 171
255 255 169
255 255 168
255 255 166
255 255 165
255 255 163
255 255 162
255 255 160
255 255 158
255 255 157
255 255 155
255 255 154
255 255 152
255 255 151
255 255 149
255 255 148
255 255 146
255 255 145
255 255 143
255 255 142
255 255 140
255 255 139
255 255 137
255 255 136
255 255 134
255 255 133
255 255 131
255 255 130
255 255 128
255 255 127
255 255 125
255 255 124
255 255 122
255 255 121
255 255 119
255 255 118
255 255 116
255 255 115
255 255 113
255 255 112
255 255 110
255 255 108
255 255 107
255 255 105
255 254 104
255 252 102
255 250 101
255 248 99
255 246 97
255 244 96
255 242 94
255 240 92
255 238 91
255 236 89
255 234 88
255 232 86
255 230 84
255 228 83
255 226 81
255 224 79
255 222 78
255 219 76
255 217 74
255 215 73
255 213 71
255 211 70
255 209 68
255 207 66
255 205 65
255 203 63
255 201 61
255 199 60
255 197 58
255 195 56
255 193 55
255 191 53
255 189 52
255 186 50
255 184 48
255 182 47
255 180 45
255 178 43
255 176 42
255 174 40
255 172 38
255 170 37
255 168 35
255 166 34
255 164 32
255 162 30
255 160 29
255 158 27
255 156 25
255 154 24
255 151 22
255 149 20
255 147 19
255 145 17
255 143 16
255 141 14
255 139 12
255 137 11
255 135 9
255 133 7
255 131 6
255 129 4
255 127 2
255 125 1
254 123 0
252 121 0
250 119 0
248 117 0
246 115 0
244 113 0
242 111 0
240 109 0
237 107 0
235 105 0
233 103 0
231 101 0
229 99 0
227 97 0
225 96 0
223 94 0
221 92 0
219 90 0
217 88 0
215 86 0
213 84 0
211 82 0
209 80 0
207 78 0
205 76 0
202 74 0
200 72 0
198 70 0
196 68 0
194 66 0
192 64 0
190 63 0
188 61 0
186 59 0
184 57 0
182 55 0
180 53 0
178 51 0
176 49 0
174 47 0
172 45 0
169 43 0
167 41 0
165 39 0
163 37 0
161 35 0
159 33 0
157 32 0
155 30 0
153 28 0
151 26 0
149 24 0
147 22 0
145 20 0
143 18 0
141 16 0
139 14 0
137 12 0
134 10 0
132 8 0
130 6 0
128 4 0
126 2 0
124 0 0
122 0 0
120 0 0
118 0 0
116 0 0
114 0 0
112 0 0
111 0 0
109 0 0
107 0 0
105 0 0
103 0 0
101 0 0
99 0 0
97 0 0
95 0 0
93 0 0
91 0 0
89 0 0
87 0 0
85 0 0
83 0 0
81 0 0
80 0 0
78 0 0
76 0 0
74 0 0
72 0 0
70 0 0
68 0 0
66 0 0
64 0 0
62 0 0
60 0 0
58 0 0
56 0 0
54 0 0
52 0 0
50 0 0
48 0 0
47 0 0
45 0 0
43 0 0
41 0 0
39 0 0
37 0 0
35 0 0
33 0 0
31 0 0
29 0 0
27 0 0
25 0 0
23 0 0
21 0 0
19 0 0
17 0 0
16 0 0
14 0 0
12 0 0
10 0 0
8 0 0
6 0 0
4 0 0
2 0 0
0 0 0