197 51 24
198 53 26
198 54 27
198 56 29
199 58 30
199 59 32
200 61 33
200 63 35
201 65 37
201 66 38
202 68 40
202 70 41
203 71 43
203 73 45
203 75 46
204 76 48
204 78 49
205 80 51
205 82 53
206 83 54
206 85 56
207 87 57
207 88 59
208 90 60
208 92 62
209 93 64
209 95 65
209 97 67
210 99 68
210 100 70
211 102 72
211 104 73
212 105 75
212 107 76
213 109 78
213 110 80
214 112 81
214 114 83
215 115 84
215 117 86
215 119 87
216 121 89
216 122 91
217 124 92
217 126 94
218 127 95
218 129 97
219 131 99
219 132 100
220 134 102
220 136 103
221 138 105
221 139 107
221 141 108
222 143 110
222 144 111
223 146 113
223 148 114
224 149 116
224 151 118
225 153 119
225 155 121
226 156 122
226 158 124
227 160 126
227 161 128
227 163 130
228 164 132
228 166 134
229 167 136
229 169 138
230 170 140
230 172 142
231 173 144
231 175 146
232 176 148
232 178 150
233 179 152
233 181 154
233 182 156
234 184 158
234 185 161
235 187 163
235 188 165
236 190 167
236 191 169
237 193 171
237 194 173
238 196 175
238 197 177
239 199 179
239 200 181
239 202 183
240 203 185
240 205 187
241 207 189
241 208 191
242 210 193
242 211 195
243 213 197
243 214 199
244 216 201
244 217 204
244 219 206
245 220 208
245 222 210
246 223 212
246 225 214
247 226 216
247 228 218
248 229 220
248 231 222
249 232 224
249 234 226
250 235 228
250 237 230
250 238 232
251 240 234
251 241 236
252 243 238
252 244 240
253 246 242
253 247 245
254 249 247
254 250 249
255 252 251
255 254 253
255 255 255
255 255 255
253 254 255
251 252 255
249 251 254
247 250 254
245 248 253
243 247 253
241 245 252
239 244 252
237 243 251
235 241 251
233 240 250
231 238 250
229 237 250
227 236 249
225 234 249
223 233 248
221 232 248
219 230 247
217 229 247
215 227 246
213 226 246
211 225 245
209 223 245
207 222 244
205 221 244
203 219 244
201 218 243
199 216 243
197 215 242
195 214 242
193 212 241
191 211 241
189 209 240
187 208 240
185 207 239
183 205 239
181 204 239
179 203 238
177 201 238
175 200 237
173 198 237
171 197 236
169 196 236
167 194 235
165 193 235
163 192 234
161 190 234
159 189 233
157 187 233
155 186 233
153 185 232
151 183 232
149 182 231
147 180 231
145 179 230
143 178 230
141 176 229
139 175 229
137 174 228
135 172 228
133 171 227
131 169 227
129 168 227
127 166 226
126 165 225
124 163 225
123 161 224
121 160 224
119 158 223
118 156 223
116 155 222
115 153 222
113 151 221
112 150 221
110 148 220
109 146 220
107 145 219
106 143 219
104 141 218
102 139 218
101 138 217
99 136 217
98 134 216
96 133 216
95 131 215
93 129 215
92 128 214
90 126 214
89 124 213
87 123 212
86 121 212
84 119 211
82 118 211
81 116 210
79 114 210
78 113 209
76 111 209
75 109 208
73 107 208
72 106 207
70 104 207
69 102 206
67 101 206
66 99 205
64 97 205
62 96 204
61 94 204
59 92 203
58 91 203
56 89 202
55 87 202
53 86 201
52 84 200
50 82 200
49 80 199
47 79 199
46 77 198
44 75 198
42 74 197
41 72 197
39 70 196
38 69 196
36 67 195
35 65 195
33 64 194
32 62 194
30 60 193