201 255 255
199 255 255
198 255 255
196 255 255
195 255 255
193 255 255
192 255 255
190 255 255
189 255 255
187 255 255
186 255 255
184 255 255
183 255 255
181 255 255
180 255 255
178 255 255
177 255 255
175 255 255
174 255 255
172 255 255
171 255 255
169 255 255
168 255 255
166 255 255
165 255 255
163 255 255
162 255 255
160 255 255
158 255 255
157 255 255
155 255 255
154 255 255
152 255 255
151 255 255
149 255 255
148 255 255
146 255 255
145 255 255
143 255 255
142 255 255
140 255 255
139 255 255
137 255 255
136 255 255
134 255 255
133 255 255
131 255 255
130 255 255
128 255 255
127 255 255
125 255 255
124 255 255
122 255 255
121 255 255
119 255 255
118 255 255
116 255 255
115 255 255
113 255 255
112 255 255
110 255 255
108 255 255
107 255 255
105 255 255
104 254 255
102 252 255
101 250 255
99 248 255
97 246 255
96 244 255
94 242 255
92 240 255
91 238 255
89 236 255
88 234 255
86 232 255
84 230 255
83 228 255
81 226 255
79 224 255
78 222 255
76 219 255
74 217 255
73 215 255
71 213 255
70 211 255
68 209 255
66 207 255
65 205 255
63 203 255
61 201 255
60 199 255
58 197 255
56 195 255
55 193 255
53 191 255
52 189 255
50 186 255
48 184 255
47 182 255
45 180 255
43 178 255
42 176 255
40 174 255
38 172 255
37 170 255
35 168 255
34 166 255
32 164 255
30 162 255
29 160 255
27 158 255
25 156 255
24 154 255
22 151 255
20 149 255
19 147 255
17 145 255
16 143 255
14 141 255
12 139 255
11 137 255
9 135 255
7 133 255
6 131 255
4 129 255
2 127 255
1 125 255
0 123 254
0 121 252
0 119 250
0 117 248
0 115 246
0 113 244
0 111 242
0 109 240
0 107 237
0 105 235
0 103 233
0 101 231
0 99 229
0 97 227
0 96 225
0 94 223
0 92 221
0 90 219
0 88 217
0 86 215
0 84 213
0 82 211
0 80 209
0 78 207
0 76 205
0 74 202
0 72 200
0 70 198
0 68 196
0 66 194
0 64 192
0 63 190
0 61 188
0 59 186
0 57 184
0 55 182
0 53 180
0 51 178
0 49 176
0 47 174
0 45 172
0 43 169
0 41 167
0 39 165
0 37 163
0 35 161
0 33 159
0 32 157
0 30 155
0 28 153
0 26 151
0 24 149
0 22 147
0 20 145
0 18 143
0 16 141
0 14 139
0 12 137
0 10 134
0 8 132
0 6 130
0 4 128
0 2 126
0 0 124
0 0 122
0 0 120
0 0 118
0 0 116
0 0 114
0 0 112
0 0 111
0 0 109
0 0 107
0 0 105
0 0 103
0 0 101
0 0 99
0 0 97
0 0 95
0 0 93
0 0 91
0 0 89
0 0 87
0 0 85
0 0 83
0 0 81
0 0 80
0 0 78
0 0 76
0 0 74
0 0 72
0 0 70
0 0 68
0 0 66
0 0 64
0 0 62
0 0 60
0 0 58
0 0 56
0 0 54
0 0 52
0 0 50
0 0 48
0 0 47
0 0 45
0 0 43
0 0 41
0 0 39
0 0 37
0 0 35
0 0 33
0 0 31
0 0 29
0 0 27
0 0 25
0 0 23
0 0 21
0 0 19
0 0 17
0 0 16
0 0 14
0 0 12
0 0 10
0 0 8
0 0 6
0 0 4
0 0 2
0 0 0