255 255 214
255 255 214
255 255 213
254 254 213
254 254 212
254 254 212
253 253 212
253 253 211
252 252 211
252 252 210
251 251 210
251 251 210
250 250 209
250 250 209
249 249 208
249 249 208
249 249 208
248 248 207
248 248 207
247 247 206
247 247 206
246 246 206
246 246 205
245 245 205
245 245 204
245 245 204
244 244 204
244 244 203
243 243 203
243 243 202
242 242 202
242 242 202
241 241 201
241 241 201
241 241 200
240 240 200
240 240 200
239 239 199
239 239 199
238 238 198
238 238 198
237 237 198
237 237 197
236 236 197
236 236 196
236 236 196
235 235 196
235 235 195
234 234 195
234 234 194
233 233 194
233 233 194
232 232 193
232 232 193
232 232 192
231 231 192
231 231 192
230 230 191
230 230 191
229 229 190
229 229 190
228 228 190
228 228 189
228 228 189
227 227 189
225 226 189
224 225 190
222 224 190
220 224 191
219 223 191
217 222 192
216 221 193
214 220 193
213 219 194
211 218 194
209 218 195
208 217 195
206 216 196
205 215 196
203 214 197
202 213 198
200 213 198
198 212 199
197 211 199
195 210 200
194 209 200
192 208 201
191 207 202
189 207 202
187 206 203
186 205 203
184 204 204
183 203 204
181 202 205
180 202 205
178 201 206
176 200 207
175 199 207
173 198 208
172 197 208
170 196 209
168 196 209
167 195 210
165 194 210
164 193 211
162 192 212
161 191 212
159 190 213
157 190 213
156 189 214
154 188 214
153 187 215
151 186 215
150 185 216
148 185 217
146 184 217
145 183 218
143 182 218
142 181 219
140 180 219
139 179 220
137 179 220
135 178 221
134 177 222
132 176 222
131 175 223
129 174 223
128 174 224
126 173 224
125 172 223
124 171 222
122 169 221
121 168 220
120 167 219
118 166 218
117 165 217
116 164 216
115 163 215
113 162 214
112 161 213
111 160 212
110 159 211
108 158 210
107 157 209
106 156 208
104 155 208
103 154 207
102 153 206
101 152 205
99 151 204
98 150 203
97 149 202
96 148 201
94 147 200
93 146 199
92 145 198
90 144 197
89 143 196
88 142 195
87 141 194
85 140 193
84 139 192
83 138 191
82 137 191
80 135 190
79 134 189
78 133 188
76 132 187
75 131 186
74 130 185
73 129 184
71 128 183
70 127 182
69 126 181
68 125 180
66 124 179
65 123 178
64 122 177
62 121 176
61 120 175
60 119 174
59 118 174
57 117 173
56 116 172
55 115 171
54 114 170
52 113 169
51 112 168
50 111 167
48 110 166
47 109 165
46 108 164
45 107 163
44 106 162
44 105 161
43 104 159
42 103 158
41 102 157
41 101 156
40 100 155
39 99 154
39 98 152
38 97 151
37 96 150
36 95 149
36 94 148
35 93 147
34 92 145
34 91 144
33 90 143
32 89 142
31 88 141
31 87 140
30 86 139
29 85 137
29 84 136
28 83 135
27 82 134
26 81 133
26 80 132
25 79 130
24 78 129
24 77 128
23 76 127
22 75 126
21 74 125
21 73 123
20 72 122
19 71 121
19 70 120
18 69 119
17 68 118
16 67 116
16 66 115
15 65 114
14 64 113
14 63 112
13 62 111
12 62 109
11 61 108
11 60 107
10 59 106
9 58 105
9 57 104
8 56 102
7 55 101
6 54 100
6 53 99
5 52 98
4 51 97
4 50 95
3 49 94
2 48 93
1 47 92
1 46 91
0 45 90
